%YAML:1.0
calibration_Time: "08/19/11 20:44:38"
nrOfFrames: 8
image_Width: 640
image_Height: 480
board_Width: 9
board_Height: 6
square_Size: 50.
FixAspectRatio: 1.
# flags:  +fix_aspectRatio +fix_principal_point +zero_tangent_dist
flagValue: 14
Camera_Matrix: !!opencv-matrix
   rows: 3
   cols: 3
   dt: d
   data: [ 6.5746697810243404e+002, 0., 3.1950000000000000e+002, 0.,
       6.5746697810243404e+002, 2.3950000000000000e+002, 0., 0., 1. ]
Distortion_Coefficients: !!opencv-matrix
   rows: 5
   cols: 1
   dt: d
   data: [ -4.1802327018241026e-001, 5.0715243805833121e-001, 0., 0.,
       -5.7843596847939704e-001 ]
Avg_Reprojection_Error: 3.8441346462381665e-001
Per_View_Reprojection_Errors: !!opencv-matrix
   rows: 8
   cols: 1
   dt: f
   data: [ 5.04357755e-001, 4.85754758e-001, 3.99563968e-001,
       4.13829178e-001, 3.53570908e-001, 3.21116358e-001,
       2.74473161e-001, 2.39761785e-001 ]
# a set of 6-tuples (rotation vector + translation vector) for each view
Extrinsic_Parameters: !!opencv-matrix
   rows: 8
   cols: 6
   dt: d
   data: [ -7.8704123655486097e-002, -1.5922384772614945e-001,
       3.1166227207451498e+000, 2.4224388101960471e+002,
       1.1795590397660339e+002, 6.2576484126093249e+002,
       -1.4117480285164308e-001, -1.7917415443804836e-002,
       3.1333182268743949e+000, 2.5943034781849354e+002,
       1.4039780562976958e+002, 6.3848706527260981e+002,
       7.2230525186138789e-002, -7.5445981266787754e-002,
       1.5712860749221762e+000, 1.7426560451795339e+002,
       -1.9309240362258871e+002, 7.0891416556762647e+002,
       2.0367310600105853e-002, 6.8565520026996951e-002,
       -5.4313033031644169e-004, -2.0146314940404827e+002,
       -1.3305643514116997e+002, 7.4933554744027231e+002,
       -3.4468530027734055e-002, 2.1921265175331925e-002,
       -1.5731053528054522e+000, -1.1155718744299284e+002,
       2.0307615364261443e+002, 8.4915903914333899e+002,
       3.7425562109513817e-002, 7.4883169379022230e-002,
       -3.6031632305130512e-002, -2.0094505419395196e+002,
       -1.1627359108310560e+002, 9.2021583518760133e+002,
       6.8105689976949157e-002, 6.4426739692440949e-002,
       -7.0967130057087435e-002, -1.9233852871740035e+002,
       -1.0334652096641923e+002, 1.0755293563503658e+003,
       -5.8017546499862287e-002, -1.6909812666033443e-003,
       -1.5876137659782963e+000, -1.0242234847115104e+002,
       2.2583088401423066e+002, 1.1125972190244058e+003 ]
Image_points: !!opencv-matrix
   rows: 8
   cols: 54
   dt: "2f"
   data: [ 5.58494690e+002, 3.55650085e+002, 5.13314697e+002,
       3.59107666e+002, 4.65728333e+002, 3.62133911e+002,
       4.15701111e+002, 3.65026459e+002, 3.64399353e+002,
       3.67339203e+002, 3.12101196e+002, 3.69211914e+002,
       2.59208405e+002, 3.70413513e+002, 2.07456192e+002,
       3.71175995e+002, 1.56619507e+002, 3.72176544e+002,
       5.60868713e+002, 3.08104828e+002, 5.15191772e+002,
       3.10485626e+002, 4.67032959e+002, 3.12660004e+002,
       4.16112152e+002, 3.14887177e+002, 3.64010712e+002,
       3.16825775e+002, 3.10712372e+002, 3.18640808e+002,
       2.56853943e+002, 3.20017365e+002, 2.04168182e+002,
       3.20908417e+002, 1.52469528e+002, 3.22105377e+002,
       5.62328369e+002, 2.58646881e+002, 5.16396301e+002,
       2.59919281e+002, 4.67907654e+002, 2.61257874e+002,
       4.16463440e+002, 2.62675537e+002, 3.63546570e+002,
       2.64064117e+002, 3.09528137e+002, 2.65489990e+002,
       2.54765533e+002, 2.66862030e+002, 2.01299225e+002,
       2.67997345e+002, 1.48913437e+002, 2.69627167e+002,
       5.63098022e+002, 2.08423523e+002, 5.16782654e+002,
       2.08424667e+002, 4.68059296e+002, 2.08661697e+002,
       4.16216431e+002, 2.09268982e+002, 3.62888763e+002,
       2.10013397e+002, 3.08458557e+002, 2.11074738e+002,
       2.53267990e+002, 2.12496582e+002, 1.99121384e+002,
       2.14005814e+002, 1.46551376e+002, 2.15851318e+002,
       5.62997437e+002, 1.57966492e+002, 5.16406494e+002,
       1.56580688e+002, 4.67334900e+002, 1.55756500e+002,
       4.15378235e+002, 1.55492874e+002, 3.62096710e+002,
       1.55498734e+002, 3.07522827e+002, 1.56133240e+002,
       2.52235214e+002, 1.57516571e+002, 1.97876328e+002,
       1.59318787e+002, 1.45078247e+002, 1.61638428e+002,
       5.62097168e+002, 1.07469536e+002, 5.15766846e+002,
       1.04902527e+002, 4.66562866e+002, 1.03045807e+002,
       4.14651459e+002, 1.01924713e+002, 3.61240662e+002,
       1.01357826e+002, 3.06746613e+002, 1.01582802e+002,
       2.51568024e+002, 1.02920105e+002, 1.97343307e+002,
       1.04941299e+002, 1.44756821e+002, 1.07737488e+002,
       5.68062500e+002, 3.73591125e+002, 5.25272644e+002,
       3.77019318e+002, 4.79870941e+002, 3.80086578e+002,
       4.31823730e+002, 3.83036652e+002, 3.81995758e+002,
       3.85271759e+002, 3.30728729e+002, 3.86998779e+002,
       2.78071167e+002, 3.88151031e+002, 2.26231567e+002,
       3.88669586e+002, 1.74855331e+002, 3.89197998e+002,
       5.69792542e+002, 3.27097382e+002, 5.26866028e+002,
       3.29362366e+002, 4.81278229e+002, 3.31532928e+002,
       4.32783203e+002, 3.33552185e+002, 3.82408234e+002,
       3.35186554e+002, 3.30427399e+002, 3.36404053e+002,
       2.77138519e+002, 3.37450958e+002, 2.24525131e+002,
       3.37957092e+002, 1.72285507e+002, 3.38503540e+002,
       5.70942749e+002, 2.79243713e+002, 5.27789307e+002,
       2.80073486e+002, 4.82146576e+002, 2.81226410e+002,
       4.33247375e+002, 2.82237427e+002, 3.82503662e+002,
       2.83062286e+002, 3.30138885e+002, 2.83794434e+002,
       2.76433228e+002, 2.84549286e+002, 2.23158783e+002,
       2.84981049e+002, 1.70520218e+002, 2.85720886e+002,
       5.71001953e+002, 2.30928329e+002, 5.27846863e+002,
       2.30519928e+002, 4.82114563e+002, 2.30268906e+002,
       4.33114563e+002, 2.30243515e+002, 3.82384857e+002,
       2.30311340e+002, 3.29870392e+002, 2.30454620e+002,
       2.76012634e+002, 2.30882156e+002, 2.22529434e+002,
       2.31355362e+002, 1.69742065e+002, 2.32063004e+002,
       5.70199036e+002, 1.82609772e+002, 5.27030884e+002,
       1.80973267e+002, 4.81193573e+002, 1.79573792e+002,
       4.32409821e+002, 1.78475616e+002, 3.81855530e+002,
       1.77680283e+002, 3.29641937e+002, 1.77092087e+002,
       2.75895782e+002, 1.77155502e+002, 2.22438889e+002,
       1.77605667e+002, 1.69884583e+002, 1.78365585e+002,
       5.69026245e+002, 1.34654831e+002, 5.26171570e+002,
       1.31798691e+002, 4.80653503e+002, 1.29171509e+002,
       4.31869904e+002, 1.27280067e+002, 3.81419739e+002,
       1.25591202e+002, 3.29466644e+002, 1.24407089e+002,
       2.76225342e+002, 1.24174736e+002, 2.23024109e+002,
       1.24463333e+002, 1.70838898e+002, 1.25398903e+002,
       4.73812897e+002, 6.94673386e+001, 4.74245453e+002,
       1.12387466e+002, 4.74243347e+002, 1.56034164e+002,
       4.73834778e+002, 2.00523651e+002, 4.72891602e+002,
       2.44457306e+002, 4.71412811e+002, 2.87981171e+002,
       4.69708252e+002, 3.30783173e+002, 4.67558228e+002,
       3.71818420e+002, 4.65495667e+002, 4.11996979e+002,
       4.31027649e+002, 6.75546722e+001, 4.31269440e+002,
       1.10960022e+002, 4.31185486e+002, 1.55113556e+002,
       4.30830139e+002, 2.00061066e+002, 4.30168427e+002,
       2.44456863e+002, 4.29107544e+002, 2.88479645e+002,
       4.27829071e+002, 3.31813507e+002, 4.26131653e+002,
       3.73071228e+002, 4.24718811e+002, 4.13476563e+002,
       3.86868805e+002, 6.61982269e+001, 3.86895416e+002,
       1.09904411e+002, 3.86690216e+002, 1.54396423e+002,
       3.86368591e+002, 1.99800369e+002, 3.85792206e+002,
       2.44538574e+002, 3.85117279e+002, 2.88826447e+002,
       3.84405273e+002, 3.32408020e+002, 3.83303772e+002,
       3.74074097e+002, 3.82477448e+002, 4.14638977e+002,
       3.41941437e+002, 6.54462357e+001, 3.41628204e+002,
