%YAML:1.0
test: 123